Validator Address,Account Address,Total Stake
rv1qtyutcs2thaqa4dq2m95yllhuqmms75x2yena3huh6758pfdhjkrsrvqvu3,rdx1qspu9v8xsfn30n8nsua7jf8rac0lr8yccdety8hpwmesaxqwc3fy95s267mqj,100.000000000000007154242405462192450852805618493
rv1qtyutcs2thaqa4dq2m95yllhuqmms75x2yena3huh6758pfdhjkrsrvqvu3,rdx1qsp2srnxh4sv0h250n6wg2xaqcm3jy65hzy9pqknvfgt3s0xgn5kj4gg4xyc8,"50,000.0000000000035771212027310962254264028092462"
rv1qtyutcs2thaqa4dq2m95yllhuqmms75x2yena3huh6758pfdhjkrsrvqvu3,rdx1qspr9d0ne0ed7d7s5gd38qdt5ttfr9ahlwny6gje4pspvswrnyfag5c77aekv,"585,000.000000000041852318071953825837488912868181"
rv1qtyutcs2thaqa4dq2m95yllhuqmms75x2yena3huh6758pfdhjkrsrvqvu3,rdx1qsp2y5n5u009kl072mwlfqvu0c5aye9qdh79umx490mcsdsyhag2r5q7pucjv,"42,773.0000000000030600841040883435770032705471978"
rv1qtyutcs2thaqa4dq2m95yllhuqmms75x2yena3huh6758pfdhjkrsrvqvu3,rdx1qspsc5wf9nldtumap3ggycnqltgjelslndll5vf32qpm499k53v0uaqeuevn0,"85,000.0000000000060811060446428635832248847757185"
rv1qtyutcs2thaqa4dq2m95yllhuqmms75x2yena3huh6758pfdhjkrsrvqvu3,rdx1qsp99zyct8xp8vypwshrpwfhgqvh9k203jdsckl36n8lkk5y5ulsvsshzgcjh,"250,000.000000000017885606013655481127132014046231"
rv1qtyutcs2thaqa4dq2m95yllhuqmms75x2yena3huh6758pfdhjkrsrvqvu3,rdx1qspa7ywm65wqjetk9kv08p7rmjswlcezg0kruj8qgttu3daa5h432wszslcwg,"46,929.0000000000033574144184593522952607131487023"
rv1qtyutcs2thaqa4dq2m95yllhuqmms75x2yena3huh6758pfdhjkrsrvqvu3,rdx1qsp8le8xe0s4dkvzcglvvpmgg6wlvsp3nt96qzstzw5wptrydy06hrqs3h4sc,"10,000,000.0000000007154242405462192450852805618493"
rv1qtyutcs2thaqa4dq2m95yllhuqmms75x2yena3huh6758pfdhjkrsrvqvu3,rdx1qsp97nalwcktcsavmu4hetw2gg87tjn76gsmvm9re3n3fpym3q8myeq598gyg,"17,500.0000000000012519924209558836788992409832362"
rv1qtyutcs2thaqa4dq2m95yllhuqmms75x2yena3huh6758pfdhjkrsrvqvu3,rdx1qsp8pd045yhz7w0cnwcc4fkk76prmx85thg0sz46lklntvcjrjrzyzg4cafhr,"50,000.0000000000035771212027310962254264028092462"
rv1qtyutcs2thaqa4dq2m95yllhuqmms75x2yena3huh6758pfdhjkrsrvqvu3,rdx1qspr35tyme8lx5qvpmuxmcljf89maq0rnwmdmx3ax3l006na3g4mpfq0rvysd,"68,630.0000000000049099565628687026790202804959713"
rv1qtyutcs2thaqa4dq2m95yllhuqmms75x2yena3huh6758pfdhjkrsrvqvu3,rdx1qspz0gxzprhegk8dsf8u5zknmpf68f5g8c4dhlex0n3uypky3f5z6dqsxwleh,"93,483.4074693714884424985792447851867784619829587"
rv1qtyutcs2thaqa4dq2m95yllhuqmms75x2yena3huh6758pfdhjkrsrvqvu3,rdx1qsprnnakrrqv48waskdc9kud08ag5df5m4j22zhuuer2aagy048jm4gr8rwv5,"80,090.0000000000057298327425346699338880120198506"
rv1qtyutcs2thaqa4dq2m95yllhuqmms75x2yena3huh6758pfdhjkrsrvqvu3,rdx1qspjvc6a8g660t5xnf8mfgud8v3a60z7wkdgltks4e979duvzvs88ecykl499,"20,000.0000000000014308484810924384901705611236985"
rv1qtyutcs2thaqa4dq2m95yllhuqmms75x2yena3huh6758pfdhjkrsrvqvu3,rdx1qspxj3vrk48qsactvm5h22gz4cnv0ldgagm975vqxwsf2cuedeleg2c7lmhhf,"5,000.00000000000035771212027310962254264028092462"
rv1qtyutcs2thaqa4dq2m95yllhuqmms75x2yena3huh6758pfdhjkrsrvqvu3,rdx1qspg7nx8lceysq0sf84ljuylq46yavr6t2zpkyl5mqpg5l4sn53ezdqpl0u6c,"100,000.000000000007154242405462192450852805618493"
rv1qtyutcs2thaqa4dq2m95yllhuqmms75x2yena3huh6758pfdhjkrsrvqvu3,rdx1qsprvwsdw3pzqnmtj5cltxu2ea4rq6daxsa7u6v8r49rpkr7726jpdcs4mkq6,"100,000.000000000007154242405462192450852805618493"
rv1qtyutcs2thaqa4dq2m95yllhuqmms75x2yena3huh6758pfdhjkrsrvqvu3,rdx1qsppkdhhp0m8racg477a0vd3r8zd535pkrnrw6v7fngseejw9j3prdclpcwr2,"18,000.0000000000012877636329831946411535050113287"
rv1qtyutcs2thaqa4dq2m95yllhuqmms75x2yena3huh6758pfdhjkrsrvqvu3,rdx1qsp0r72q5wv6pnfltta09zazkqgdng80mc8u0c2zahpelnt2xtqzsxgm6exw5,"2,083,678.63999155017095046485583336545613069700888"
rv1qtyutcs2thaqa4dq2m95yllhuqmms75x2yena3huh6758pfdhjkrsrvqvu3,rdx1qspe5689xrg9prnk57sa6296nq3k7sr9vvtfdwyqhzulc3snx9l45fg5v7mna,"1,000,000.00000000007154242405462192450852805618493"
rv1qtyutcs2thaqa4dq2m95yllhuqmms75x2yena3huh6758pfdhjkrsrvqvu3,rdx1qspk538qnrw6dg2kn9rrfy6n9dvqyx5234q2ywx568ztqjkxlvn6c6qqrkcef,"200,000.000000000014308484810924384901705611236985"
rv1qtyutcs2thaqa4dq2m95yllhuqmms75x2yena3huh6758pfdhjkrsrvqvu3,rdx1qspq978neqcc5xs4p3knfjz3p5nsu5c0337l2552tlsmfeureym4c8ct77na6,"550,000.000000000039348333230042058479690430901708"
rv1qtyutcs2thaqa4dq2m95yllhuqmms75x2yena3huh6758pfdhjkrsrvqvu3,rdx1qspgp32k3cfz570hvt9979ses3hakvscaq8j6xmu5xvv20tqp0s6gzce6lkk8,"234,900.000000000016805315410430690067053240397839"
rv1qtyutcs2thaqa4dq2m95yllhuqmms75x2yena3huh6758pfdhjkrsrvqvu3,rdx1qsphmyru7rcslwq7tw50hx3qmj6xfh2wn8uqfhys66hfryu44dnvqzcm6yz4d,"8,469,000.00000000060589278931859307866272410783012"
rv1qtyutcs2thaqa4dq2m95yllhuqmms75x2yena3huh6758pfdhjkrsrvqvu3,rdx1qspknyachak4n9th2ttvjgw7k72a9qtedl55758rms29w98syt7vf3q6nd0pj,"50,000.0000000000035771212027310962254264028092462"
rv1qtyutcs2thaqa4dq2m95yllhuqmms75x2yena3huh6758pfdhjkrsrvqvu3,rdx1qspfa0l6jmze2yr9fg6llcatm23t9wmflc3ecjfr0700w7jkgengfagcfe8s6,"250,000.000000000017885606013655481127132014046231"
rv1qtyutcs2thaqa4dq2m95yllhuqmms75x2yena3huh6758pfdhjkrsrvqvu3,rdx1qspwwdf6v47z9vh8k4r5we28e2dndt2fp48sae6fljt2s82c2hnz0ksdysg7q,"1,169,450.00000000008366528781067760961649813530546"
rv1qtyutcs2thaqa4dq2m95yllhuqmms75x2yena3huh6758pfdhjkrsrvqvu3,rdx1qsp33w0ncd98sn0743j3cpnqqvdme35qw2smsjeu7mg6g2m96z7fkng5eg5pd,"100,000.000000000007154242405462192450852805618493"
rv1qtyutcs2thaqa4dq2m95yllhuqmms75x2yena3huh6758pfdhjkrsrvqvu3,rdx1qspqtfc6f5a8demz9c7uf48vq4quw4s4zcy6f8rtr0dfwllnqhzu8xgw9a3tt,"25,000.0000000000017885606013655481127132014046231"
rv1qtyutcs2thaqa4dq2m95yllhuqmms75x2yena3huh6758pfdhjkrsrvqvu3,rdx1qspjc6z4kyv4t29gngn7g59cynx350wudaf02ax3cgscl2zdhc3k6lg905vac,"40,000.000000000002861696962184876980341122247397"
rv1qtyutcs2thaqa4dq2m95yllhuqmms75x2yena3huh6758pfdhjkrsrvqvu3,rdx1qspgusveutgun2xvxfvlzrp7wdkkg33jpuhshvw3qlp26ggzadlhr2gk0xmcg,"2,000.00000000000014308484810924384901705611236985"
rv1qtyutcs2thaqa4dq2m95yllhuqmms75x2yena3huh6758pfdhjkrsrvqvu3,rdx1qspglwjkdfyukjfa3h77wcf2y6v3jyqzhy2jsaf7eq9569gsk6u48ugjff49g,"100,000.000000000007154242405462192450852805618493"
rv1qtyutcs2thaqa4dq2m95yllhuqmms75x2yena3huh6758pfdhjkrsrvqvu3,rdx1qspql35t74svcq8ey08zpqdrwcveuter8phv4njhpchtajw2svz5p9cvsazjp,"663,900.425060086391130816739692441571668669952456"
rv1qtyutcs2thaqa4dq2m95yllhuqmms75x2yena3huh6758pfdhjkrsrvqvu3,rdx1qsp0rs35jqdkmydp40tm87kt57rul3htn84z5a62e6hukrt5yl2f5eskctz3x,"10,000.0000000000007154242405462192450852805618493"
rv1qtyutcs2thaqa4dq2m95yllhuqmms75x2yena3huh6758pfdhjkrsrvqvu3,rdx1qsp8caq53jnfuyfykgr46wssy7agdhpmxy27w4ete8h3knsvr88v8nsfj93nv,"16,500.0000000000011804499969012617543907129270513"
rv1qtyutcs2thaqa4dq2m95yllhuqmms75x2yena3huh6758pfdhjkrsrvqvu3,rdx1qsp8mr4myhd8e67r09yfutq08veecxspdexfd52l2lht36kkthvdf5gqs7kte,"96,000.0000000000068680727092437047528186933937527"
rv1qtyutcs2thaqa4dq2m95yllhuqmms75x2yena3huh6758pfdhjkrsrvqvu3,rdx1qspw0h2ak2s9l7qq8g623776duwrmafccx7sh5fm3p5gunrujvupghq5st4hc,"9,600.00000000000068680727092437047528186933937527"
rv1qtyutcs2thaqa4dq2m95yllhuqmms75x2yena3huh6758pfdhjkrsrvqvu3,rdx1qsp4yc0a2ae6jx67elpfelxk7mhe5jke75tqkkxpxtdfjgzf9k8a35grgzasa,"26,000.0000000000018601030254201700372217294608081"
rv1qtyutcs2thaqa4dq2m95yllhuqmms75x2yena3huh6758pfdhjkrsrvqvu3,rdx1qsphpy30yymj7masqn6082kse2qa3ue62ccust5we7pwgaksgn8lpyqwk8wxg,"30,000.0000000000021462727216386577352558416855477"
rv1qtyutcs2thaqa4dq2m95yllhuqmms75x2yena3huh6758pfdhjkrsrvqvu3,rdx1qsp58cjxv82j3kpyavapf73zrvx2njcvqc3c6e34jt4nnnkqjm29xegnzs5sh,"30,000.0000000000021462727216386577352558416855477"
rv1qtyutcs2thaqa4dq2m95yllhuqmms75x2yena3huh6758pfdhjkrsrvqvu3,rdx1qspkhq33mx7fkens99jgqfn5sjp4czew88lvsj9mekaawua2rhscrsguhzjgn,"2,831.00000000000020253660249863466828364292705952"
rv1qtyutcs2thaqa4dq2m95yllhuqmms75x2yena3huh6758pfdhjkrsrvqvu3,rdx1qspqhr32t9043qvnlxfhp8qwul5yghvsd3csxgdvkfdtz5llvr4jzxgn3qry8,"2,000.00000000000014308484810924384901705611236985"
rv1qtyutcs2thaqa4dq2m95yllhuqmms75x2yena3huh6758pfdhjkrsrvqvu3,rdx1qsp7repsn7f3wsnldrkvgqcqnjp2pph67yrzlk8ql4ulq9uhlge5m9sfxwjhf,"6,100,000.00000000043640878673319373950202114272804"
rv1qtyutcs2thaqa4dq2m95yllhuqmms75x2yena3huh6758pfdhjkrsrvqvu3,rdx1qsp8rdtw8k9x8sml4elj3sf4gnw3cdrps4krlca3tuqnmawns43pkpcvl7vvx,"1,225,000.00000000008763946946691185752294686882654"
rv1qtyutcs2thaqa4dq2m95yllhuqmms75x2yena3huh6758pfdhjkrsrvqvu3,rdx1qspthzwd09dmq0hu2zs8k75ap3gfng6fnam9qdmc8urzhycp0zflw3gxy26kl,"101,000.000000000007225784829516814375361333674678"
rv1qtyutcs2thaqa4dq2m95yllhuqmms75x2yena3huh6758pfdhjkrsrvqvu3,rdx1qsp2zwfdjkalukxkg93ye5t6k9rpc4krt9lrrckrv8mugrtsnlvm7ec465z8h,"250,000.000000000017885606013655481127132014046231"
rv1qtyutcs2thaqa4dq2m95yllhuqmms75x2yena3huh6758pfdhjkrsrvqvu3,rdx1qspn0uchu33w550zur3pampmalc2nnfqfvgzjcn7uwj5y2xa9vdhx4cqfgruu,"470,000.000000000033624939305672304519008186406914"
rv1qtyutcs2thaqa4dq2m95yllhuqmms75x2yena3huh6758pfdhjkrsrvqvu3,rdx1qspnq8jxmlrqyzmsxdgphhca2c90djvam2xdh9frvh03pg9224y3vyskwk73v,"17,000.0000000000012162212089285727166449769551437"
rv1qtyutcs2thaqa4dq2m95yllhuqmms75x2yena3huh6758pfdhjkrsrvqvu3,rdx1qsphdx604vvjugwjqpl3jw2z0pugtcjrjnf8g4m6rcjkt3p6jsulwagqsfdp8,"31,500.0000000000022535863577205906220186337698251"
rv1qtyutcs2thaqa4dq2m95yllhuqmms75x2yena3huh6758pfdhjkrsrvqvu3,rdx1qspxcnww58ltmjgtg8rzelm03hej4sdr4nsm8hl9xamz7cdg6a6fq3cgtx64m,"880,000.000000000062957333168067293567504689442733"
rv1qtyutcs2thaqa4dq2m95yllhuqmms75x2yena3huh6758pfdhjkrsrvqvu3,rdx1qspe5jcy9x4ygxrqk5e058muw2a2jvxgv6xx5aqmtgn9rs53tg6v0pqll4aj9,"2,000.00000000000014308484810924384901705611236985"
rv1qtyutcs2thaqa4dq2m95yllhuqmms75x2yena3huh6758pfdhjkrsrvqvu3,rdx1qsp2m98n4c4qy5z4k2aswx84tg6vv5z4xxjxwupgkl7wgncrne0397sghtc8k,"206,900.000000000014802127536901276180814454824661"
rv1qtyutcs2thaqa4dq2m95yllhuqmms75x2yena3huh6758pfdhjkrsrvqvu3,rdx1qspk3mznu8y00qyfy8af3szuw4t97mmysre05ztkrzxutw3pwjg0ewcj7jz2w,"10,000.0000000000007154242405462192450852805618493"
rv1qtyutcs2thaqa4dq2m95yllhuqmms75x2yena3huh6758pfdhjkrsrvqvu3,rdx1qsp8wj9wd8qt378glgtqcwl66upz595k0zwp9t084jf6qt6kqjrlngcvymfkd,"20,000.0000000000014308484810924384901705611236985"
rv1qtyutcs2thaqa4dq2m95yllhuqmms75x2yena3huh6758pfdhjkrsrvqvu3,rdx1qspz54kyjllvt7w08qmh3hsgth2nm7xw6dgxv0477nv7rjrlnqe470sng0rc5,"45,000.0000000000032194090824579866028837625283216"
rv1qtyutcs2thaqa4dq2m95yllhuqmms75x2yena3huh6758pfdhjkrsrvqvu3,rdx1qsprmt4naalcdlkxjnd2y3vsrqy3l27y7yvqy26pvlp26u0l8fsncmgfze8na,"35,000.0000000000025039848419117673577984819664724"
rv1qtyutcs2thaqa4dq2m95yllhuqmms75x2yena3huh6758pfdhjkrsrvqvu3,rdx1qsp3jsksvln46un3lc8xvj8d98hjhcmlg4meg2vafcjfhzyyq3a9engyjsk99,"2,510.00000000000017957148437710103051640542102416"
rv1qtyutcs2thaqa4dq2m95yllhuqmms75x2yena3huh6758pfdhjkrsrvqvu3,rdx1qspsd0henwxc8j6v5056vfjw33sz4jlyp6dvg7ke8kje0gcyz05scdgzzevkm,"1,344,739.00000000009620588778078823214167350974606"
rv1qtyutcs2thaqa4dq2m95yllhuqmms75x2yena3huh6758pfdhjkrsrvqvu3,rdx1qsp63n7532t0q0eaxqwumxq5xyywdj87prl4yuxrzzrqk27kwn4ljas784tn7,0
rv1qtyutcs2thaqa4dq2m95yllhuqmms75x2yena3huh6758pfdhjkrsrvqvu3,rdx1qspy5yuppwarxp8zhdds6hxpx8dlcvnuun236rwp4zxe8glx4jjzfgcnx99vu,"10,000.0000000000007154242405462192450852805618493"
rv1qtyutcs2thaqa4dq2m95yllhuqmms75x2yena3huh6758pfdhjkrsrvqvu3,rdx1qsp3dmllgjg7eu4h2n85yl2hypr54g5cn9vkmuxxf7n8gjvdsrham4qw6qz2u,"90,000.0000000000064388181649159732057675250566431"
rv1qtyutcs2thaqa4dq2m95yllhuqmms75x2yena3huh6758pfdhjkrsrvqvu3,rdx1qspvqlm24t7lm8rpcmp7g7vt8elvx40c2ndwt6g2cm5lkpg52wff2vgjsxl36,"28,900.0000000000020675760551785736182964608237443"
rv1qtyutcs2thaqa4dq2m95yllhuqmms75x2yena3huh6758pfdhjkrsrvqvu3,rdx1qsprz59d5e4kkwjc7yy8yc5x74kd6luyvhmxq25qvac574dvslymgnsc3n3wa,"120,000.000000000008585090886554630941023366742191"
rv1qtyutcs2thaqa4dq2m95yllhuqmms75x2yena3huh6758pfdhjkrsrvqvu3,rdx1qspge00tscj5n4k705yt37q3jqygp5prnknnta9579gxp88cqmwkgfgljek4g,"167,000.000000000011947584817121861392924185382883"
rv1qtyutcs2thaqa4dq2m95yllhuqmms75x2yena3huh6758pfdhjkrsrvqvu3,rdx1qspuhjup04zmnnwyw06ax8d30rvsf3gzqd8jckf7zt0t2fqtgwu9twqmt7uq4,"200,000.000000000014308484810924384901705611236985"
rv1qtyutcs2thaqa4dq2m95yllhuqmms75x2yena3huh6758pfdhjkrsrvqvu3,rdx1qspyja3mmc0zm85nwwvsugmmewhuwmh3j0fmk79c2mvwulhq4k0phasv4289n,"35,100.0000000000025111390843172295502493347720909"
rv1qtyutcs2thaqa4dq2m95yllhuqmms75x2yena3huh6758pfdhjkrsrvqvu3,rdx1qspsxupu36cksh7xjfvhmgyalurnuztsg0a32zdyfx3mqm6unptfpssnvzyj5,"355,000.000000000025397560539390783200527459945648"
rv1qtyutcs2thaqa4dq2m95yllhuqmms75x2yena3huh6758pfdhjkrsrvqvu3,rdx1qspd85m8ju4qvfrjefn7me5vy9pvzake3devtugct28ukp8jund83lgfvckmc,"9,000.00000000000064388181649159732057675250566431"
rv1qtyutcs2thaqa4dq2m95yllhuqmms75x2yena3huh6758pfdhjkrsrvqvu3,rdx1qspepevu9hcgshzt6wjarrgrhqp3w4sm8n0u2qkdmkyjs7hhqj6ejqsa0ysu3,"474,000.000000000033911109001890792217042298631654"
rv1qtyutcs2thaqa4dq2m95yllhuqmms75x2yena3huh6758pfdhjkrsrvqvu3,rdx1qspq0tzcqedth6gyrdk7fvefl05dul783f6fs2j4s38kjux58vvp5lclaqwzn,"15,300.0000000000010945990880357154449804792596294"
rv1qtyutcs2thaqa4dq2m95yllhuqmms75x2yena3huh6758pfdhjkrsrvqvu3,rdx1qsp2rhk4jxncnpy3mcmuus65u73548qz3tns49x3g4hcm7z5j3d6axsujmdvl,"5,000.00000000000035771212027310962254264028092462"
rv1qtyutcs2thaqa4dq2m95yllhuqmms75x2yena3huh6758pfdhjkrsrvqvu3,rdx1qspymvylm3tdlr3h724mjrescfa3qjfhsg3pw4axg9x6encu83g9yqgcx9wdr,"10,000.0000000000007154242405462192450852805618493"
rv1qtyutcs2thaqa4dq2m95yllhuqmms75x2yena3huh6758pfdhjkrsrvqvu3,rdx1qspt5muxx7dlpk3jfad4l9ncdputfs0l5gp6ezl3ls4f6wvxdk0kmcg2ddnf9,"621,608.000000000044471343131745425249897107948998"
rv1qtyutcs2thaqa4dq2m95yllhuqmms75x2yena3huh6758pfdhjkrsrvqvu3,rdx1qsprq2dhmf25pgnwm9vtsqx0v9xvzznlgq8sulaf53qync837cg8lsgmymh6h,"79,300.0000000000056733142275315186135262748554645"
rv1qtyutcs2thaqa4dq2m95yllhuqmms75x2yena3huh6758pfdhjkrsrvqvu3,rdx1qspalcmad86stuspwlfzn2jspefm008s8j6achv7870ntr2y559y68guamnwt,"25,000.0000000000017885606013655481127132014046231"
rv1qtyutcs2thaqa4dq2m95yllhuqmms75x2yena3huh6758pfdhjkrsrvqvu3,rdx1qspu248f7gg9s3vtnl6nkl6zfksze4zaky6vt48zasxggy55mfl92esv3n0rx,"50,000.0000000000035771212027310962254264028092462"
rv1qtyutcs2thaqa4dq2m95yllhuqmms75x2yena3huh6758pfdhjkrsrvqvu3,rdx1qspxstrssdafkgnn8d2gcey5je9reyv9d7c4zgjle7sdu5u27rhpeqc96jjhn,0
rv1qtyutcs2thaqa4dq2m95yllhuqmms75x2yena3huh6758pfdhjkrsrvqvu3,rdx1qspqflssj8y3jpa6euh9xd72fj60d5t9q52khc3w8yunqaldhsw85fq3dy78w,"700,000.000000000050079696838235347155969639329447"
rv1qtyutcs2thaqa4dq2m95yllhuqmms75x2yena3huh6758pfdhjkrsrvqvu3,rdx1qsp3n6eux34qq8y5egtukn49axdf87lyyg7a3678lus977qmqcmenrgmfu7v0,"23,000.0000000000016454757532563042636961452922533"
rv1qtyutcs2thaqa4dq2m95yllhuqmms75x2yena3huh6758pfdhjkrsrvqvu3,rdx1qsp6gy2yhdw4eyx6ml2p37jvcun2pdqugja5lq2vt8legmcnd4cdjpgl6hy0p,"74,000.0000000000052941393800420224136310761576844"
rv1qtyutcs2thaqa4dq2m95yllhuqmms75x2yena3huh6758pfdhjkrsrvqvu3,rdx1qspc6w9wjvv4ap385zjayeg7p6uq2000v9xedwgcsz60q2jvc87awscj0vskj,"15,000.0000000000010731363608193288676279208427739"
rv1qtyutcs2thaqa4dq2m95yllhuqmms75x2yena3huh6758pfdhjkrsrvqvu3,rdx1qspm85j64n8xscc7elqxwejptkj8r3vs678l7g8ftq9szy95hkpnamsqehkup,"10,200.0000000000007297327253571436299869861730863"
rv1qtyutcs2thaqa4dq2m95yllhuqmms75x2yena3huh6758pfdhjkrsrvqvu3,rdx1qsp4aayfwklapwnaplk9lj29t3chlswkmqznqpnknrswce8vue3lmrswelkmj,200.000000000000014308484810924384901705611236985
rv1qtyutcs2thaqa4dq2m95yllhuqmms75x2yena3huh6758pfdhjkrsrvqvu3,rdx1qsppejttkwyrja55jnsmruchpzsdz39jr9nlvv9ryvm85uahfnkwpdsgv8c7t,"487,875.00000000003490376013564867141959812541122"
rv1qtyutcs2thaqa4dq2m95yllhuqmms75x2yena3huh6758pfdhjkrsrvqvu3,rdx1qsp9k489vnqgj57etdw552nqst8r0l68etn48f5wvcd4k3hfsscrqxclmv5f7,"2,000.00000000000014308484810924384901705611236985"
rv1qtyutcs2thaqa4dq2m95yllhuqmms75x2yena3huh6758pfdhjkrsrvqvu3,rdx1qspejvdcjcm69cd24kqtlxl36c9cq3c9rn7vsdg28csv78cnj5aru6s9j2hf3,"74,500.0000000000053299105920693333758853401857768"
rv1qtyutcs2thaqa4dq2m95yllhuqmms75x2yena3huh6758pfdhjkrsrvqvu3,rdx1qspl5cewp2exnqhuy5azsuvdtd8pp3w4sahl5vfs3qe9em8jn2rjq0cndjpak,"30,000.0000000000021462727216386577352558416855477"
rv1qtyutcs2thaqa4dq2m95yllhuqmms75x2yena3huh6758pfdhjkrsrvqvu3,rdx1qsps97zy0luaeh4ga6ln6hpcrl7rmlyz0q05f8ztcc24zz393sllphqp8dda0,0
rv1qtyutcs2thaqa4dq2m95yllhuqmms75x2yena3huh6758pfdhjkrsrvqvu3,rdx1qsp2pw02x3z33u3uhng8247lm9lr6kwarjp0yxzsdnl50czu62u63vs247zm8,"20,000.0000000000014308484810924384901705611236985"
rv1qtyutcs2thaqa4dq2m95yllhuqmms75x2yena3huh6758pfdhjkrsrvqvu3,rdx1qspwvhlw6tzpz70cmy8sqnfd8h36pc206fsdds0hfm82d99run2pdzcuvrf2c,"55,000.0000000000039348333230042058479690430901708"
rv1qtyutcs2thaqa4dq2m95yllhuqmms75x2yena3huh6758pfdhjkrsrvqvu3,rdx1qspyht0jzqcvyle5mggz766y29uav3mf8d0scj8nstqw0s63p3xpwcq95z8gs,"72,250.0000000000051689401379464340457411520593608"
rv1qtyutcs2thaqa4dq2m95yllhuqmms75x2yena3huh6758pfdhjkrsrvqvu3,rdx1qspsj5mrnf67av3t3jh9l9tvmt9c8ccnc7m2dv5l3k8h8892ql6sxpq5lelkx,"48,000.0000000000034340363546218523764093466968764"
rv1qtyutcs2thaqa4dq2m95yllhuqmms75x2yena3huh6758pfdhjkrsrvqvu3,rdx1qspddmpljypggyhzfjqle2eqst8dcuptex2d62qngmdqv6txs26t9hsh94g28,"1,800.00000000000012877636329831946411535050113287"
rv1qtyutcs2thaqa4dq2m95yllhuqmms75x2yena3huh6758pfdhjkrsrvqvu3,rdx1qspcpt49609ly9sk6gtmvsc4zvczwszefj74xrluarq80k324pa57ygkc58qz,"400,000.00000000002861696962184876980341122247397"
rv1qtyutcs2thaqa4dq2m95yllhuqmms75x2yena3huh6758pfdhjkrsrvqvu3,rdx1qspnfzauhggrjkwurn6v9rprtzy6nm9z9gzgkv53xewwr9glf4np3vq422zw3,"20,500.000000000001466619693119749452424825151791"
rv1qtyutcs2thaqa4dq2m95yllhuqmms75x2yena3huh6758pfdhjkrsrvqvu3,rdx1qsp6nhvejuc8fuxja5e67juyqgm9s3vjgllul643p3fnf62uhxrejecrwkcmt,"9,450.00000000000067607590731617718660559013094753"
rv1qtyutcs2thaqa4dq2m95yllhuqmms75x2yena3huh6758pfdhjkrsrvqvu3,rdx1qspdqr8nj8a0xfx4s96pr0nqfr5vv5tjxqmm0eumnsnf4z75xleu35gs0m55f,"25,000.0000000000017885606013655481127132014046231"
rv1qtyutcs2thaqa4dq2m95yllhuqmms75x2yena3huh6758pfdhjkrsrvqvu3,rdx1qspktc2qt85v3mecl53hmsjaae7saurm8urnem94c7mrj5z2gmlhjtcgstvph,"20,000.0000000000014308484810924384901705611236985"
rv1qtyutcs2thaqa4dq2m95yllhuqmms75x2yena3huh6758pfdhjkrsrvqvu3,rdx1qsptdd8qes47xx5v8ypdrs39j6rsf9m52kcjhxchzxyvcqynl3lgcdcqawa46,0
rv1qtyutcs2thaqa4dq2m95yllhuqmms75x2yena3huh6758pfdhjkrsrvqvu3,rdx1qsp8u6hj2408gdtlfzlfhy3ac3hlvj3wfpx79gnfkppel8jue7wjthqd5aq0c,"10,000.0000000000007154242405462192450852805618493"
rv1qtyutcs2thaqa4dq2m95yllhuqmms75x2yena3huh6758pfdhjkrsrvqvu3,rdx1qsplncuh9l2srfarkeh64v9aaay9xevn8z7a0kf6404zutsnw0vjmgs2l3sf5,"22,600.0000000000016168587836344554938927340697793"
rv1qtyutcs2thaqa4dq2m95yllhuqmms75x2yena3huh6758pfdhjkrsrvqvu3,rdx1qspf0wywecmaxdaem8tdn93gp5k5ufuzfr4e7d3av7ggmma4wqesrjsxnvcn9,"101,000.000000000007225784829516814375361333674678"
rv1qtyutcs2thaqa4dq2m95yllhuqmms75x2yena3huh6758pfdhjkrsrvqvu3,rdx1qsp25hmfytvrlyjqak5tskgr4guhjh63ctufr8yf2nsr3x63r2qvxncvfyzzs,"5,190.00000000000037130518084348778819926061159976"
rv1qtyutcs2thaqa4dq2m95yllhuqmms75x2yena3huh6758pfdhjkrsrvqvu3,rdx1qsps0hadpe9wxled2jjetrcee7nftcqetqf0u4jdddn4c546vf9hhaqm70l0j,"3,000.00000000000021462727216386577352558416855477"
rv1qtyutcs2thaqa4dq2m95yllhuqmms75x2yena3huh6758pfdhjkrsrvqvu3,rdx1qsp9keq3jvj3yzv826z6hph0a2unj2e86k2fxf2f2j2nj5zzjpw9ctsfxlsua,900.000000000000064388181649159732057675250566431
rv1qtyutcs2thaqa4dq2m95yllhuqmms75x2yena3huh6758pfdhjkrsrvqvu3,rdx1qspald8fgyly8my0wcec6wd2qk8awm0nv7pdtnmkxz6q6rxxqyv9qkcp72x2n,"40,000.000000000002861696962184876980341122247397"
rv1qtyutcs2thaqa4dq2m95yllhuqmms75x2yena3huh6758pfdhjkrsrvqvu3,rdx1qsp2n5upc9vgjgx56rxewdtxnvpp95ksreggcw70fqus3erkgqwx6ss27dev6,"11,015.000000000000788039800961660498461436538877"
rv1qtyutcs2thaqa4dq2m95yllhuqmms75x2yena3huh6758pfdhjkrsrvqvu3,rdx1qsprvjnualjf8unv8g5t4e6kyv6au0qax4uqq2vgtezje9qwyt9gsyslc0h5m,"5,300.0000000000003791748474894961998951986977801"
rv1qtyutcs2thaqa4dq2m95yllhuqmms75x2yena3huh6758pfdhjkrsrvqvu3,rdx1qspxcgyv62ur7ky2vpq2txfspd7784g44w8l7mdmyta77yd5an4pkwgfp73ds,"87,660.0000000000062714088926281579024175694051704"
rv1qtyutcs2thaqa4dq2m95yllhuqmms75x2yena3huh6758pfdhjkrsrvqvu3,rdx1qspf7e6cp3vn409crfh6hur4tsxrm7qzgamgdhlv3qsa8umvwjhvunq3tg55q,0
rv1qtyutcs2thaqa4dq2m95yllhuqmms75x2yena3huh6758pfdhjkrsrvqvu3,rdx1qspfnr64t5xl78x89j5jsq4ysu9h2nr5lxk0gz27purvxpgnjltj7rcryazta,"3,200.00000000000022893575697479015842728977979176"
rv1qtyutcs2thaqa4dq2m95yllhuqmms75x2yena3huh6758pfdhjkrsrvqvu3,rdx1qsp6qxnah69vrxgttaslrfd9lxsphypyfml00vqswladmps7uwx5rqq8uj5uu,"50,000.0000000000035771212027310962254264028092462"
rv1qtyutcs2thaqa4dq2m95yllhuqmms75x2yena3huh6758pfdhjkrsrvqvu3,rdx1qspf24xxdcnp75a9tccl0u9a4695g8p55ms85ayf4hyg0lwe6uqzvysruead2,"1,000.00000000000007154242405462192450852805618493"
rv1qtyutcs2thaqa4dq2m95yllhuqmms75x2yena3huh6758pfdhjkrsrvqvu3,rdx1qspzajqd5ajuy6fdcs2h88s0lmttznh5nvlnfrp7wlpk783lzqa7ygs3gqvxc,0
rv1qtyutcs2thaqa4dq2m95yllhuqmms75x2yena3huh6758pfdhjkrsrvqvu3,rdx1qsp9sc3e5nqqkk8ham3y4gftn0era6jmqvvlpyvqk0k8s7tvqeazrwgvcpndd,"99,900.0000000000071470881630567302584019528128739"
rv1qtyutcs2thaqa4dq2m95yllhuqmms75x2yena3huh6758pfdhjkrsrvqvu3,rdx1qspd3ac8tsg6yqct0gdf4g06rkagq5pqq3ltaeuv4cfk6plle5mz8nq88njp7,"100,000.000000000007154242405462192450852805618493"
rv1qtyutcs2thaqa4dq2m95yllhuqmms75x2yena3huh6758pfdhjkrsrvqvu3,rdx1qspfs38ced79avlcvv382wlhwpatgk8d62whl8hd935fxncaf8s2umcjhatvj,"5,000.00000000000035771212027310962254264028092462"
rv1qtyutcs2thaqa4dq2m95yllhuqmms75x2yena3huh6758pfdhjkrsrvqvu3,rdx1qspqj6w96c7zus2mz9tflkquxnxwagffdkgr9uz4vwjylhasfxwrcws0qeh0v,0
rv1qtyutcs2thaqa4dq2m95yllhuqmms75x2yena3huh6758pfdhjkrsrvqvu3,rdx1qspp9j5e4p6uvt645833hnea83syy6pkpe6zzl07ch06tt3qsygtfwggetqyy,"10,000.0000000000007154242405462192450852805618493"
rv1qtyutcs2thaqa4dq2m95yllhuqmms75x2yena3huh6758pfdhjkrsrvqvu3,rdx1qsp0hy2vt237f9mcnd6p6exghq3crkg62g7grg8k9ng46lhfwzgsthclax77a,"100,000.000000000007154242405462192450852805618493"
rv1qtyutcs2thaqa4dq2m95yllhuqmms75x2yena3huh6758pfdhjkrsrvqvu3,rdx1qsp4mnq55f7qvnlnsp5e4drzxsw9ajeynwwqr4cuhycejrvjz9s0c5ggzec3h,"100,000.000000000007154242405462192450852805618493"
rv1qtyutcs2thaqa4dq2m95yllhuqmms75x2yena3huh6758pfdhjkrsrvqvu3,rdx1qspuse3mdxmpnxsur6w9c3y5pwpchr0sh87xwwf4hf2ds60eljw0sjsejpeee,"6,000.00000000000042925454432773154705116833710954"
rv1qtyutcs2thaqa4dq2m95yllhuqmms75x2yena3huh6758pfdhjkrsrvqvu3,rdx1qsp0wlcmx25w7exctsnc27szymee3s4t0yvqcwghjpwff65kasuwstgjyd207,"50,000.0000000000035771212027310962254264028092462"
rv1qtyutcs2thaqa4dq2m95yllhuqmms75x2yena3huh6758pfdhjkrsrvqvu3,rdx1qsp75vkas439ruf6rafu3y8pw7usgcmnr2q4tacv4w3q57v7r340v6c05hc5k,"5,000.00000000000035771212027310962254264028092462"
rv1qtyutcs2thaqa4dq2m95yllhuqmms75x2yena3huh6758pfdhjkrsrvqvu3,rdx1qspms3p9jgyhflm4y88mrtgtfrr84stqqmdhm42ft803f2l4gcamghc4ajkcc,"350,000.000000000025039848419117673577984819664724"
rv1qtyutcs2thaqa4dq2m95yllhuqmms75x2yena3huh6758pfdhjkrsrvqvu3,rdx1qsp5d3jg2zz3zgy5amhsu6t3mucx9949vpwws44c40zk3lhry5r66wchs9hm5,"43,700.0000000000031264039311869781010226760552812"
rv1qtyutcs2thaqa4dq2m95yllhuqmms75x2yena3huh6758pfdhjkrsrvqvu3,rdx1qsp3raajgjwc5nvwwtw88xnss5dxr7t7eqwuhguvrgzunvnzzalurxsfxvr6x,"47,250.0000000000033803795365808859330279506547377"
rv1qtyutcs2thaqa4dq2m95yllhuqmms75x2yena3huh6758pfdhjkrsrvqvu3,rdx1qspwvtwz2vj4kc7jax0705cpehj2mklg6xflsp58vmlrlsqruu34fqs3w79fv,"10,000.0000000000007154242405462192450852805618493"
rv1qtyutcs2thaqa4dq2m95yllhuqmms75x2yena3huh6758pfdhjkrsrvqvu3,rdx1qsprff73d8mem7suyedulsg29v0mcvqaahd6nv32nluazk2cvyep5qsfts28y,0
rv1qtyutcs2thaqa4dq2m95yllhuqmms75x2yena3huh6758pfdhjkrsrvqvu3,rdx1qsplgwuk68r39cacl23v87cpkumycka86vk3eaf0qzwpvzr96pvfv7gsseda7,"12,230.0000000000008749638461880261367392981271417"
rv1qtyutcs2thaqa4dq2m95yllhuqmms75x2yena3huh6758pfdhjkrsrvqvu3,rdx1qspqfx6h4vj0xaenzvdqyrp0fte2aal8a0n3x7l2vszn2p7s2lgcp4gvu7vq8,"2,200.00000000000015739333292016823391876172360684"
rv1qtyutcs2thaqa4dq2m95yllhuqmms75x2yena3huh6758pfdhjkrsrvqvu3,rdx1qspkhz9nj67hf2g5excelj2cwxql3tkgr39eck4ktwxytsmwk0y4l5gc869hf,"112,000.000000000008012751494117655544955142292712"
rv1qtyutcs2thaqa4dq2m95yllhuqmms75x2yena3huh6758pfdhjkrsrvqvu3,rdx1qspqtflghktsy85mrkygs65p9y0kumv0x6t0k2usr5m0e99478vs54qqmxekv,"2,500.00000000000017885606013655481127132014046231"
rv1qtyutcs2thaqa4dq2m95yllhuqmms75x2yena3huh6758pfdhjkrsrvqvu3,rdx1qsphrj0hk7eau97mw0klcdmjumjuhp60varmfqnmg38pxykf7xpkx2clcny8j,"10,000.0000000000007154242405462192450852805618493"
rv1qtyutcs2thaqa4dq2m95yllhuqmms75x2yena3huh6758pfdhjkrsrvqvu3,rdx1qspujn5yvs9kd5gkl9apkqn4yet26rzlcdwdm4pr2f6dr6863wus3gcw6hqv5,"30,000.0000000000021462727216386577352558416855477"
rv1qtyutcs2thaqa4dq2m95yllhuqmms75x2yena3huh6758pfdhjkrsrvqvu3,rdx1qsprerfdg6suv7ya7kj3al2k606l3c9fqapzl6xyqwdgnj890dw7ujgr60eej,"11,638.0000000000008326107311476899574302495178802"
rv1qtyutcs2thaqa4dq2m95yllhuqmms75x2yena3huh6758pfdhjkrsrvqvu3,rdx1qspa8gt9j4fg8kczsgdkuvrygxt2g4jhx4a560gg2ry0eqntc89w8fc9nedpx,"450,000.000000000032194090824579866028837625283216"
rv1qtyutcs2thaqa4dq2m95yllhuqmms75x2yena3huh6758pfdhjkrsrvqvu3,rdx1qsptzplx0u0a6kd9d2lv9navpe6mac8dj8megwc2fu8jxg0kwute9gcgrkwp0,"5,880.00000000000042066945344117691611014497036735"
rv1qtyutcs2thaqa4dq2m95yllhuqmms75x2yena3huh6758pfdhjkrsrvqvu3,rdx1qspka8t5a0vxejpe4e7x7a392qnhrr6h5vnt0gwu2h3lvpyludy0gvs2pgxdk,"207,000.00000000001480928177930673837326530763028"
rv1qtyutcs2thaqa4dq2m95yllhuqmms75x2yena3huh6758pfdhjkrsrvqvu3,rdx1qspurckjjmsrp7qwe2rnuke7q3cqffqecsp38z59k6puf7rtlvcq3tcex2r03,"2,000.00000000000014308484810924384901705611236985"
rv1qtyutcs2thaqa4dq2m95yllhuqmms75x2yena3huh6758pfdhjkrsrvqvu3,rdx1qsph9ker7q7sr4w4492yypx0m5l6ngkp86m43wx87m2rrgjhd3efwac7huyuc,"400,000.00000000002861696962184876980341122247397"
rv1qtyutcs2thaqa4dq2m95yllhuqmms75x2yena3huh6758pfdhjkrsrvqvu3,rdx1qspz8udxx3pvaq3jme0cxmyz6zfdzumyc7ul563hw87yf2r45neglgsj26uzq,"5,000.00000000000035771212027310962254264028092462"
rv1qtyutcs2thaqa4dq2m95yllhuqmms75x2yena3huh6758pfdhjkrsrvqvu3,rdx1qsppm439x4zjmk592wdllcxwwx0xv6u36gguhw09wg0ssy7fehgs6xcsexq5c,0
rv1qtyutcs2thaqa4dq2m95yllhuqmms75x2yena3huh6758pfdhjkrsrvqvu3,rdx1qsp68jlfqserhcpyws23dqjd8epyzjrzjtv5ccp4d9l2zc9jrkllkvq50llww,"2,000.00000000000014308484810924384901705611236985"
rv1qtyutcs2thaqa4dq2m95yllhuqmms75x2yena3huh6758pfdhjkrsrvqvu3,rdx1qsp60c5q405awcnmz7tpxydnceqz9tkm6fsnleka74gwat4kzmd684ck5cgtk,"159,500.000000000011411016636712196959110224961496"
rv1qtyutcs2thaqa4dq2m95yllhuqmms75x2yena3huh6758pfdhjkrsrvqvu3,rdx1qspe9x6kclxqe6l5d3wdqdyg55gpfee5d026vl7dfetcf2qatv3mfks3yx4al,"3,500.00000000000025039848419117673577984819664724"
rv1qtyutcs2thaqa4dq2m95yllhuqmms75x2yena3huh6758pfdhjkrsrvqvu3,rdx1qspfgkv69n4wgsex82gmfjp7hdkr8sdu8yhnyj54xrtf6fsmkdhvjwg8dq9ww,"1,050.00000000000007511954525735302073395445899417"
rv1qtyutcs2thaqa4dq2m95yllhuqmms75x2yena3huh6758pfdhjkrsrvqvu3,rdx1qspc9sufwme5q4d7zdhpa802fyn3em0j2mrtey8vuw7u0vk6kf9wj3gh3g7q9,"100,000.000000000007154242405462192450852805618493"
rv1qtyutcs2thaqa4dq2m95yllhuqmms75x2yena3huh6758pfdhjkrsrvqvu3,rdx1qsp4qhcctldlra34wlqszza54p3y72mye3d8692gx0zphln2vyf8y0gmug7nk,"16,500.0000000000011804499969012617543907129270513"
rv1qtyutcs2thaqa4dq2m95yllhuqmms75x2yena3huh6758pfdhjkrsrvqvu3,rdx1qspg3xezvesx2j9qww2vf9qv2w9cen4d7jlf78ksjd6acvwxck4cxrcva4ljj,"11,000.0000000000007869666646008411695938086180342"
rv1qtyutcs2thaqa4dq2m95yllhuqmms75x2yena3huh6758pfdhjkrsrvqvu3,rdx1qspvz38uuzyssfjzeer45gym3qypj3vara2sjelmarf59g4gc67xr3qz08f9u,"613,527.000000000043893208802960025477943692726968"
rv1qtyutcs2thaqa4dq2m95yllhuqmms75x2yena3huh6758pfdhjkrsrvqvu3,rdx1qspsxsq9tuctzqdxrhk525x6jdn4c55xfpn29gqes9k7llzg9gw458q3qcc2z,"1,200.00000000000008585090886554630941023366742191"
rv1qtyutcs2thaqa4dq2m95yllhuqmms75x2yena3huh6758pfdhjkrsrvqvu3,rdx1qspsmxknwlslf87286k4x9hfddsacwejfeccdj5jjk646zu5fvvj8lqs84eaw,"48,716.0000000000034852607302449616743574527851048"
rv1qtyutcs2thaqa4dq2m95yllhuqmms75x2yena3huh6758pfdhjkrsrvqvu3,rdx1qspkzv8aecsagaggr878enclrel6uygvhzg057swkepdsz6d7p470wsfq8mlk,"10,000.0000000000007154242405462192450852805618493"
rv1qtyutcs2thaqa4dq2m95yllhuqmms75x2yena3huh6758pfdhjkrsrvqvu3,rdx1qsp40au42pnupsq05n9k887h387h6mmuv4u5gdcqa80tzm0zzntu5zgkq0yt2,"15,000.0000000000010731363608193288676279208427739"
rv1qtyutcs2thaqa4dq2m95yllhuqmms75x2yena3huh6758pfdhjkrsrvqvu3,rdx1qspruatmurgl0vdhfqx0cqvfr33mspqah0ejh66d5ft7eusmjtn445cqf9336,"47,095.000000000003369290460852419534729128806029"
rv1qtyutcs2thaqa4dq2m95yllhuqmms75x2yena3huh6758pfdhjkrsrvqvu3,rdx1qsp8z074mfczmjf3uwct620tlswh96un3tl4nkerjgh3n6sdec9ureqp3040e,"134,500.000000000009622456035346648846397023556873"
rv1qtyutcs2thaqa4dq2m95yllhuqmms75x2yena3huh6758pfdhjkrsrvqvu3,rdx1qsp3lytz6e87k4455mvxyyk6tktr2nnl3snwth8l6hagc8dgxnsd6tcvk8ved,"7,000.00000000000050079696838235347155969639329447"
rv1qtyutcs2thaqa4dq2m95yllhuqmms75x2yena3huh6758pfdhjkrsrvqvu3,rdx1qsp07rxxq5dttptsvc20yv28jee3f8gpq7e80nq5x654f05j024a6xq0au57x,"229,000.000000000016383215108508420712452924866348"
rv1qtyutcs2thaqa4dq2m95yllhuqmms75x2yena3huh6758pfdhjkrsrvqvu3,rdx1qsps726sm0t46dmknc0rdqe4n5sjumxg5a7du69dsf9y85y9pz8y4nsgxe4wk,"1,806,726.81534907801822101397456033405677498158444"
rv1qtyutcs2thaqa4dq2m95yllhuqmms75x2yena3huh6758pfdhjkrsrvqvu3,rdx1qspe9vk64w8kkywkr9jtz7pz95h58mvphnljr5gf42uks5qdtunfzwgm94ryy,"5,000.00000000000035771212027310962254264028092462"
rv1qtyutcs2thaqa4dq2m95yllhuqmms75x2yena3huh6758pfdhjkrsrvqvu3,rdx1qsp393h0mcs38y879rdn6degs5gxvkym8r9k58efreay0crtqnvgyxq5s6mk6,"6,000.00000000000042925454432773154705116833710954"
rv1qtyutcs2thaqa4dq2m95yllhuqmms75x2yena3huh6758pfdhjkrsrvqvu3,rdx1qspwc4tfm588tjcr52t2dwqrtv2r6qn5hagy9ft62qjv3ylk69w2wvsar2yrd,"10,000.0000000000007154242405462192450852805618493"
rv1qtyutcs2thaqa4dq2m95yllhuqmms75x2yena3huh6758pfdhjkrsrvqvu3,rdx1qspx2ekqn5spuscz8aaksxtye2uwzgq8xh89w868a2esuh5s0hx0sfqsu5c5z,"50,000.0000000000035771212027310962254264028092462"
rv1qtyutcs2thaqa4dq2m95yllhuqmms75x2yena3huh6758pfdhjkrsrvqvu3,rdx1qspwuhhcclt4ypyagu0cumx53x4j2zcs2sajjlmtjay85yqstmn6cqg2z78xt,"4,800.00000000000034340363546218523764093466968764"
rv1qtyutcs2thaqa4dq2m95yllhuqmms75x2yena3huh6758pfdhjkrsrvqvu3,rdx1qsp4d6xm8as3j44qlhe3av76hns5khsef0fdzx3qj3a99dxm5c88hwsp8wyvl,"139,100.000000000009951551185997909699136252615323"
rv1qtyutcs2thaqa4dq2m95yllhuqmms75x2yena3huh6758pfdhjkrsrvqvu3,rdx1qspqfg3ud8fk5fscahejskgres2a32ygzyqjckhd34kmq0zp4se5v0sgtmpvp,0
rv1qtyutcs2thaqa4dq2m95yllhuqmms75x2yena3huh6758pfdhjkrsrvqvu3,rdx1qsprn6kvvslhr75q9xektst3swhh4plkpy94lq52fmdazyv662ajyqgt34k3k,"80,000.0000000000057233939243697539606822444947939"
rv1qtyutcs2thaqa4dq2m95yllhuqmms75x2yena3huh6758pfdhjkrsrvqvu3,rdx1qspe34mwlw006sjzmwstdh785z47afpcvv609snysafts98ve2k7v2g9j6fhr,"750,000.000000000053656818040966443381396042138693"
rv1qtyutcs2thaqa4dq2m95yllhuqmms75x2yena3huh6758pfdhjkrsrvqvu3,rdx1qspkwdemtprx2gq96j69nffae7d4x6ght63n7kxunq2ls98h4x6dp6qpz9fzk,"100,000.000000000007154242405462192450852805618493"
rv1qtyutcs2thaqa4dq2m95yllhuqmms75x2yena3huh6758pfdhjkrsrvqvu3,rdx1qspjtpcz2c767j83njld7jzmy3r40jgrwgzyz8zj3cd20e79ngh9p6g20du7w,"408,000.000000000029189309014285745199479446923449"
rv1qtyutcs2thaqa4dq2m95yllhuqmms75x2yena3huh6758pfdhjkrsrvqvu3,rdx1qsp7t35tf2y9c7tuxt3ldg45akvth9005qdyktgwmd8yc566tfaafug9v370s,"10,500,000.0000000007511954525735302073395445899417"
rv1qtyutcs2thaqa4dq2m95yllhuqmms75x2yena3huh6758pfdhjkrsrvqvu3,rdx1qspd0mvawym0yxpjv7szfy0c4dsuwrajsyyeha7l664uv0jekwf2h2spe5z9j,"439,910.00000000003147222776586873081054657719631"
rv1qtyutcs2thaqa4dq2m95yllhuqmms75x2yena3huh6758pfdhjkrsrvqvu3,rdx1qspxcx4739lmvrk539msagevt3u3h655h0rvrxgwse7kl2dcrdf4j2ss4hwt6,"19,500.0000000000013950772690651275279162970956061"
rv1qtyutcs2thaqa4dq2m95yllhuqmms75x2yena3huh6758pfdhjkrsrvqvu3,rdx1qsplkxxkktdt5dzxuptszdnqc8jahg5md0rtgv2pnlpc3ea3l9uzg2csh4qhz,"45,190.0000000000032330021430283647685403828589967"
rv1qtyutcs2thaqa4dq2m95yllhuqmms75x2yena3huh6758pfdhjkrsrvqvu3,rdx1qspgv2cj05ppux2ec54aly9wygz6hrx3yl3fwnp2ykltll4ujmd0j6qv840m3,"8,028.00000000000057434258031050480995446323505257"
rv1qtyutcs2thaqa4dq2m95yllhuqmms75x2yena3huh6758pfdhjkrsrvqvu3,rdx1qspk5xtceas24zqe0950p9n0eapkrkg3q24pyrpfrqxckfqx3el6k7ggug8k0,"1,000.00000000000007154242405462192450852805618493"
rv1qtyutcs2thaqa4dq2m95yllhuqmms75x2yena3huh6758pfdhjkrsrvqvu3,rdx1qsp8tg8ku0da292thpsrqmpfrjrtgtm5my7t6rr9d2txsdmcjzggsscz3t3mn,"3,380.00000000000024181339330462210483882482990505"
rv1qtyutcs2thaqa4dq2m95yllhuqmms75x2yena3huh6758pfdhjkrsrvqvu3,rdx1qsp8vdrgwq0k0lfrke0c9yvmuw2s7jpxv3z7ej4d0em4z9m7c50kyxc6jj9tm,"65,000.0000000000046502575635504250930543236520201"
rv1qtyutcs2thaqa4dq2m95yllhuqmms75x2yena3huh6758pfdhjkrsrvqvu3,rdx1qsp2kt0qn74eqwr8njee6rsqyserznkqg58rqrr0zlyv6vhrmua4sjcmqpnmd,"7,245.00000000000051832486227573584306428576705977"
rv1qtyutcs2thaqa4dq2m95yllhuqmms75x2yena3huh6758pfdhjkrsrvqvu3,rdx1qspades7hfh0h5d2jm7fnckma52uls40nncxgplnacatqmgwh4fwtzcn3m6gy,100.000000000000007154242405462192450852805618493
rv1qtyutcs2thaqa4dq2m95yllhuqmms75x2yena3huh6758pfdhjkrsrvqvu3,rdx1qspdpal3lnzpwqw8gznhtf8gkg479658ku28jazl5rv5fqeutd8tgvqf5zw5p,"53,000.000000000003791748474894961998951986977801"
rv1qtyutcs2thaqa4dq2m95yllhuqmms75x2yena3huh6758pfdhjkrsrvqvu3,rdx1qspqmhsp7y77y57clc6afxyvxeux2rt6um8tnx6xa4462cuguh33jjqjp6x57,"170,500.00000000001219798330131303812870403357953"
rv1qtyutcs2thaqa4dq2m95yllhuqmms75x2yena3huh6758pfdhjkrsrvqvu3,rdx1qsp22mm6dh6jkzpt4laqavv7hsws90e7rsuwncz72f2yffhgald8swg2py5ql,"80,000.0000000000057233939243697539606822444947939"
rv1qtyutcs2thaqa4dq2m95yllhuqmms75x2yena3huh6758pfdhjkrsrvqvu3,rdx1qspqavny9la3dd97pvwwrgnspxyuwpjx44x650ent5mnmlz7f07dzmcdqasdd,"4,000.0000000000002861696962184876980341122247397"
rv1qtyutcs2thaqa4dq2m95yllhuqmms75x2yena3huh6758pfdhjkrsrvqvu3,rdx1qsp5geke5dz9aeaa7e6vuatzhya8aap545tx5p3ga7v52y6tf4rzyasa8tsj9,"8,930.00000000000063887384680777378586115554173137"
rv1qtyutcs2thaqa4dq2m95yllhuqmms75x2yena3huh6758pfdhjkrsrvqvu3,rdx1qspvd60rk0phkvzs88zpym3s63chzecr8egammgrcagr78anzc5enpc8hd5xw,"3,745.00000000000026792637808455910728443757041254"
rv1qtyutcs2thaqa4dq2m95yllhuqmms75x2yena3huh6758pfdhjkrsrvqvu3,rdx1qsp8p0eyt7hdwzzdatdhmd3w9k65udk8etd862ltlr02g8ywkca77hs3fm3vs,"286,100.000000000020468287522027332601889876874507"
rv1qtyutcs2thaqa4dq2m95yllhuqmms75x2yena3huh6758pfdhjkrsrvqvu3,rdx1qspdfz8d3wsmxxljq7f3g80cngvd7u2hve0tlku8wntkxs395kddhgglnc25z,"17,000.0000000000012162212089285727166449769551437"
rv1qtyutcs2thaqa4dq2m95yllhuqmms75x2yena3huh6758pfdhjkrsrvqvu3,rdx1qsp3y7ctqcyt9nsmndzu5u87337at2tnxhnepvvvzx0k977n9dfr7ggzqxp45,"30,000.0000000000021462727216386577352558416855477"
rv1qtyutcs2thaqa4dq2m95yllhuqmms75x2yena3huh6758pfdhjkrsrvqvu3,rdx1qsp0yke5q8w6sepslx2p5w9yxm84ttuzgkeprkt7e4tcjlv32tq2mpg8lunl9,"400,000.00000000002861696962184876980341122247397"
rv1qtyutcs2thaqa4dq2m95yllhuqmms75x2yena3huh6758pfdhjkrsrvqvu3,rdx1qspmhsptgdvzw55uz87l59nytakujkj3hrs2yqa3q3qlwqwf9f46sqcejcs8a,"930,656.000000000066581386200978221775408686656836"
rv1qtyutcs2thaqa4dq2m95yllhuqmms75x2yena3huh6758pfdhjkrsrvqvu3,rdx1qspecj46r3pjktqtr28t730ug5hk622zmfh5suurcazegx8jqf932jcpf08fa,"27,900.0000000000019960336311239516937879327675594"
rv1qtyutcs2thaqa4dq2m95yllhuqmms75x2yena3huh6758pfdhjkrsrvqvu3,rdx1qsp2r5wkxslv6anurt5vw3tayaespuvh65h0d8ayl6z74vewgk0tvvs08jnn7,"2,000.00000000000014308484810924384901705611236985"
rv1qtyutcs2thaqa4dq2m95yllhuqmms75x2yena3huh6758pfdhjkrsrvqvu3,rdx1qspx0rfw7mywx0ccrmhkne8vev6uhrrj2j53t99tllpee0mpvmlhzhq7265tz,"17,900.0000000000012806093905777324487026522057102"
rv1qtyutcs2thaqa4dq2m95yllhuqmms75x2yena3huh6758pfdhjkrsrvqvu3,rdx1qspwpl2w8n2zkxa5lu0f03dkxdt72qpnh43cs5va375rrx0zhe0r6qqj53zml,0
rv1qtyutcs2thaqa4dq2m95yllhuqmms75x2yena3huh6758pfdhjkrsrvqvu3,rdx1qsphr7mjru5exp0ffxw2jnsclz4q5c9xcghwl95gpk0la5lhtzux90ghhraw2,"55,555.0000000000039745393683545210160712761613535"
rv1qtyutcs2thaqa4dq2m95yllhuqmms75x2yena3huh6758pfdhjkrsrvqvu3,rdx1qspfa7hcxrm523altn7j3ey459gfrzdv2ly3slf2f08p9fxtktedrzc7w8ztr,"1,000.00000000000007154242405462192450852805618493"
rv1qtyutcs2thaqa4dq2m95yllhuqmms75x2yena3huh6758pfdhjkrsrvqvu3,rdx1qspu593shfm3kp7adr5003vcnrnl3gkywvemk8mdn704uvn6xdm3nlqemjhu8,"1,000.00000000000007154242405462192450852805618493"
rv1qtyutcs2thaqa4dq2m95yllhuqmms75x2yena3huh6758pfdhjkrsrvqvu3,rdx1qspgcn5avclw0q0h876d3gntcqz4c2jdakp2v5eluyypuqrh4h8z6fc4fpzye,0
rv1qtyutcs2thaqa4dq2m95yllhuqmms75x2yena3huh6758pfdhjkrsrvqvu3,rdx1qspf4zqmjm0m5nu4vx273782qexr7hmgl3fxqu5drhj3mdcq9jqp3ggxy7rwz,"80,000.0000000000057233939243697539606822444947939"
rv1qtyutcs2thaqa4dq2m95yllhuqmms75x2yena3huh6758pfdhjkrsrvqvu3,rdx1qsphrejnn07gx7vs34t9smh5jyccynmry2tkxe99x5ruxys3ekm3w0s70jpf5,"100,000.000000000007154242405462192450852805618493"
rv1qtyutcs2thaqa4dq2m95yllhuqmms75x2yena3huh6758pfdhjkrsrvqvu3,rdx1qsp967vcgun8fe67ahlktpvj406md079vys6t5ewdwl4zy99r9vyagqft7mh5,"611,726.000000000043764360897237651391903833697779"
rv1qtyutcs2thaqa4dq2m95yllhuqmms75x2yena3huh6758pfdhjkrsrvqvu3,rdx1qspmcyy49qrcuxhqde9ar72w2t2l0jag8fv9mrd4sg62983u0fy38fq6hr0u9,200.000000000000014308484810924384901705611236985
rv1qtyutcs2thaqa4dq2m95yllhuqmms75x2yena3huh6758pfdhjkrsrvqvu3,rdx1qsppls6egag4lldmf2vatc07lhqxgxyxe6nalmjgsg87jadg028gmds4q0f5j,250.000000000000017885606013655481127132014046231
rv1qtyutcs2thaqa4dq2m95yllhuqmms75x2yena3huh6758pfdhjkrsrvqvu3,rdx1qsph4ef6nr7j3t99asp982w4kxmvjnhy696yuk635e6hsm044jhh2tg706efp,250.000000000000017885606013655481127132014046231
rv1qtyutcs2thaqa4dq2m95yllhuqmms75x2yena3huh6758pfdhjkrsrvqvu3,rdx1qspsme8n3hnaehcf00zrpd7zdpek0u7xdwn3lstnd6xpfn50f5scs2qmptj5f,150.000000000000010731363608193288676279208427739
rv1qtyutcs2thaqa4dq2m95yllhuqmms75x2yena3huh6758pfdhjkrsrvqvu3,rdx1qspcrnn6w4t4cq5rgkrrf6m956lyntw72t38jc0tuy6q5znewj96epc55adzr,150.000000000000010731363608193288676279208427739
rv1qtyutcs2thaqa4dq2m95yllhuqmms75x2yena3huh6758pfdhjkrsrvqvu3,rdx1qsps62wrr3umgxmwqvvy7gtlwngzzqve4zg9vv86df34t9l4fkmslwceg6uxg,0
rv1qtyutcs2thaqa4dq2m95yllhuqmms75x2yena3huh6758pfdhjkrsrvqvu3,rdx1qspltpwg07az5qum8vksgtax4mx0630n6qa2jtucenpflfe2kvaercsznlufh,"35,000.0000000000025039848419117673577984819664724"
rv1qtyutcs2thaqa4dq2m95yllhuqmms75x2yena3huh6758pfdhjkrsrvqvu3,rdx1qsprglj7hnntjesunjte47d2px3wsxrzur6jcujcwaqa2wv2r5ntjksl6vnzk,"8,500.00000000000060811060446428635832248847757185"
rv1qtyutcs2thaqa4dq2m95yllhuqmms75x2yena3huh6758pfdhjkrsrvqvu3,rdx1qspjart0jcee730xfazvwjv0sjaccuvt4ycxv4670w3fl96nl2k7w7sxqmxcp,"20,000.0000000000014308484810924384901705611236985"
rv1qtyutcs2thaqa4dq2m95yllhuqmms75x2yena3huh6758pfdhjkrsrvqvu3,rdx1qsp9gph9980m7t3aj5zjckt54ewynuuzas98z5xr3rh3s5wc287q59c6p9xlt,"70,000.0000000000050079696838235347155969639329447"
rv1qtyutcs2thaqa4dq2m95yllhuqmms75x2yena3huh6758pfdhjkrsrvqvu3,rdx1qspq68xhw30jk7jwm98zexxz8mgw8n6aaxjlfdw4mt0z5maq8cgsvvqm96kd3,"4,000.0000000000002861696962184876980341122247397"
rv1qtyutcs2thaqa4dq2m95yllhuqmms75x2yena3huh6758pfdhjkrsrvqvu3,rdx1qsp3ec5qgfcuhpchz73dckgs4tn6aw5dm2dleneskx8zgvalzcet6ssu3cjap,"1,100,000.00000000007869666646008411695938086180342"
rv1qtyutcs2thaqa4dq2m95yllhuqmms75x2yena3huh6758pfdhjkrsrvqvu3,rdx1qsp9k8slvawrcvv9klkdgnfa25umkcvxden4uqn7vky4rugmykrdztcfvjkyz,"52,000.0000000000037202060508403400744434589216161"
rv1qtyutcs2thaqa4dq2m95yllhuqmms75x2yena3huh6758pfdhjkrsrvqvu3,rdx1qspa0dpcpdevhfcuqcgupnw33yhpf394pc4w07nlypqcuemhu0n774c4wag64,"100,000.000000000007154242405462192450852805618493"
rv1qtyutcs2thaqa4dq2m95yllhuqmms75x2yena3huh6758pfdhjkrsrvqvu3,rdx1qsp3wmesnn8fnfc5led75uj2y976045qwqt3ex8cd4qxfrn32ma086sr0wcnx,"3,700.00000000000026470696900210112068155380788422"
rv1qtyutcs2thaqa4dq2m95yllhuqmms75x2yena3huh6758pfdhjkrsrvqvu3,rdx1qspmqh7k5drh7jvqtty5nkk8r64e4suv4kz62kg93ulfn5zl2dm660q27c3k3,"400,000.00000000002861696962184876980341122247397"
rv1qtyutcs2thaqa4dq2m95yllhuqmms75x2yena3huh6758pfdhjkrsrvqvu3,rdx1qspej7mgr8dpzp69xv8w3hkvgdy3n5e00hrfjgarqjwuhtjcdrexmgqzqg7cj,"33,000.0000000000023608999938025235087814258541025"
rv1qtyutcs2thaqa4dq2m95yllhuqmms75x2yena3huh6758pfdhjkrsrvqvu3,rdx1qspht3fdnx66e027hwkkffqx0l2knwxq5x32pez7cs9d7tfkwgmhq9c2q24j0,"88,000.0000000000062957333168067293567504689442733"
rv1qtyutcs2thaqa4dq2m95yllhuqmms75x2yena3huh6758pfdhjkrsrvqvu3,rdx1qspjk49y3v4c6rrvh78w3yttcqcmgn9pw7w2c620sspfm8rrexytttccyha9p,"15,000.0000000000010731363608193288676279208427739"
rv1qtyutcs2thaqa4dq2m95yllhuqmms75x2yena3huh6758pfdhjkrsrvqvu3,rdx1qspdk20tcfacwv0fewgve3vd8mh3w9udhe607eprn6vdsuc4dgedcpcnsp8wd,900.000000000000064388181649159732057675250566431
rv1qtyutcs2thaqa4dq2m95yllhuqmms75x2yena3huh6758pfdhjkrsrvqvu3,rdx1qsp3l29k6c8exezdegdj5yllfype8qu8rz048zs7l204ezqzrzsgsucwkthgm,"340,000.000000000024324424178571454332899539102874"
rv1qtyutcs2thaqa4dq2m95yllhuqmms75x2yena3huh6758pfdhjkrsrvqvu3,rdx1qspjwzh6ey95zpjd7w5zstelu7jum5an4vdqclsxrpvxwsg9mzcn34qj00pye,"297,460.000000000021281009459287837664306755592768"
rv1qtyutcs2thaqa4dq2m95yllhuqmms75x2yena3huh6758pfdhjkrsrvqvu3,rdx1qspn2hv5z0gydvfgr866wrtwkmglds38uhlucqlqyjydqs5t56vldtqey3glx,"2,895.00000000000020711531763813047145218872265536"
rv1qtyutcs2thaqa4dq2m95yllhuqmms75x2yena3huh6758pfdhjkrsrvqvu3,rdx1qspdnscdhvel2695aq984q363wkxukf88qt8npexg2wsalgyack0mtgyaxm2t,"12,733.8000000000009110069194267446623066945618476"
rv1qtyutcs2thaqa4dq2m95yllhuqmms75x2yena3huh6758pfdhjkrsrvqvu3,rdx1qsph53p22768cpjttsau80kf2pt3uxzlynf4dvx37hdsqt6cu2y73yqy0k07r,"400,000.00000000002861696962184876980341122247397"
rv1qtyutcs2thaqa4dq2m95yllhuqmms75x2yena3huh6758pfdhjkrsrvqvu3,rdx1qspr7r3xkajg2e07cur034wyncn05vejvf0r6l2rn2as476d67fl3dc7rwa9t,"82,369.6900000000058929272912277509889708583442548"
rv1qtyutcs2thaqa4dq2m95yllhuqmms75x2yena3huh6758pfdhjkrsrvqvu3,rdx1qsprzuqf6n6zd8fh66f7px34r6z7355ns5hms3x8jrsjdktvap2ynqgkglsta,"1,300.00000000000009300515127100850186108647304041"
rv1qtyutcs2thaqa4dq2m95yllhuqmms75x2yena3huh6758pfdhjkrsrvqvu3,rdx1qsp4ykfxt38ahmx4r8kcpkz9kw4wts2p44ce2zjwflpk43wqw37d5jg6yq75z,"20,000.0000000000014308484810924384901705611236985"
rv1qtyutcs2thaqa4dq2m95yllhuqmms75x2yena3huh6758pfdhjkrsrvqvu3,rdx1qspklq0eysdtmav67qmswfej4r9yjecrn8jhrykehkzn2t8kazsa6ccypn5tu,"39,000.0000000000027901545381302550558325941912121"
rv1qtyutcs2thaqa4dq2m95yllhuqmms75x2yena3huh6758pfdhjkrsrvqvu3,rdx1qsp0ga0n9y2r0ute26z3ek7dnsudtc5gpffkp7q2d874y7plkgkpjqsdtqmsg,"202,000.000000000014451569659033628750722667349355"
rv1qtyutcs2thaqa4dq2m95yllhuqmms75x2yena3huh6758pfdhjkrsrvqvu3,rdx1qspr0hhc9f2k5pr6pqv2k6gdcqlf674da5ztzy0mx8lk54x4mudzzmsnv74hx,"4,000.0000000000002861696962184876980341122247397"
rv1qtyutcs2thaqa4dq2m95yllhuqmms75x2yena3huh6758pfdhjkrsrvqvu3,rdx1qsp84kwrugzkmuc338u8xwx38nmcsg0uhx840gmfdadvq3xv7ddgezg0uqhy9,"60,000.0000000000042925454432773154705116833710954"
rv1qtyutcs2thaqa4dq2m95yllhuqmms75x2yena3huh6758pfdhjkrsrvqvu3,rdx1qspvhw6h78uqkmgm7feg38fucax5h5t3mnnj5qlsfk4gcjcvg0uy7kqz5xxks,"11,177.0000000000007996296736585092502318180839789"
rv1qtyutcs2thaqa4dq2m95yllhuqmms75x2yena3huh6758pfdhjkrsrvqvu3,rdx1qspce5mpqaj5kpdtyhdkychanvnvgcr543qzmmmu7eeflknx58hp73g6d7dwh,700.000000000000050079696838235347155969639329447
rv1qtyutcs2thaqa4dq2m95yllhuqmms75x2yena3huh6758pfdhjkrsrvqvu3,rdx1qspwf9pc39xylpdl604ys3sh4uhcmxfsve68zqk49at9mhme0wlh02cwzgfkt,"12,000.0000000000008585090886554630941023366742191"
rv1qtyutcs2thaqa4dq2m95yllhuqmms75x2yena3huh6758pfdhjkrsrvqvu3,rdx1qsp47kfxm3f54ft6k9nzrwq82kjvlcv8788yj5uzrv3dcznlncua8ac307693,"3,600.00000000000025755272659663892823070100226573"
rv1qtyutcs2thaqa4dq2m95yllhuqmms75x2yena3huh6758pfdhjkrsrvqvu3,rdx1qspjfwsj09wf0hfuk8wg88wlylykwhq2l6vwfr298ch5gj8g5px5klg8s4wwc,"10,000.0000000000007154242405462192450852805618493"
rv1qtyutcs2thaqa4dq2m95yllhuqmms75x2yena3huh6758pfdhjkrsrvqvu3,rdx1qsp0jej6pypgftk6zcqer6t7w3l9kkvqp4r8pntvpgc6rva8jzn0xwqmj6xq8,"1,440.00000000000010302109063865557129228040090629"
rv1qtyutcs2thaqa4dq2m95yllhuqmms75x2yena3huh6758pfdhjkrsrvqvu3,rdx1qsp38x03pmnejrsafdjg64c0v8v4dprfqynzddsx8sqh2drllhhu5jqg4hs32,"500,000.000000000035771212027310962254264028092462"
rv1qtyutcs2thaqa4dq2m95yllhuqmms75x2yena3huh6758pfdhjkrsrvqvu3,rdx1qsp954gqc8xrvq3qk0mqfnnf6un5zhzx05g3v5mk030lnlry0eaz2yq3gyg8v,0
rv1qtyutcs2thaqa4dq2m95yllhuqmms75x2yena3huh6758pfdhjkrsrvqvu3,rdx1qspqu77kufv9rcy7c3t6ajvd50jmw5tzgavln9w59lrl5cskhzhhc2q7u4rfq,"781,050.000000000055878210307862454137385838283235"
rv1qtyutcs2thaqa4dq2m95yllhuqmms75x2yena3huh6758pfdhjkrsrvqvu3,rdx1qspjthtj9zww43ucjd6m2medazvca59lhe4w60m6huqywlzq2p4jl8gyjleld,"100,000.000000000007154242405462192450852805618493"
rv1qtyutcs2thaqa4dq2m95yllhuqmms75x2yena3huh6758pfdhjkrsrvqvu3,rdx1qsp4tcg2wf3q0u56s40932rthqa792h6928dlmwk9wya82a9wjc25xgsyua74,"11,500.0000000000008227378766281521318480726461267"
rv1qtyutcs2thaqa4dq2m95yllhuqmms75x2yena3huh6758pfdhjkrsrvqvu3,rdx1qspahp55ruqxz36vctlyxka8qk3rzz0jcx3va5jt35ks0daa699hzzqrfzxrx,"12,000.0000000000008585090886554630941023366742191"
rv1qtyutcs2thaqa4dq2m95yllhuqmms75x2yena3huh6758pfdhjkrsrvqvu3,rdx1qspzvj5v3m227xrrk79295w33wqsxn08qm0yeceuakllvwc8zxvudrqpmjlrx,"16,433.0000000000011756566544896020854486415472869"
rv1qtyutcs2thaqa4dq2m95yllhuqmms75x2yena3huh6758pfdhjkrsrvqvu3,rdx1qspr05l6pzfyjutcg2huf8t47mjsrku98nt4447t4hzy3cqggxcc4vg87zpc7,"33,900.0000000000024252881754516832408391011046689"
rv1qtyutcs2thaqa4dq2m95yllhuqmms75x2yena3huh6758pfdhjkrsrvqvu3,rdx1qspeknvz2vngqxltxfxqueysaqssupjl7q4xgfw65ktja9e87vy9ucszg3ry3,"181,100.00000000001295633299629203052849443097509"
rv1qtyutcs2thaqa4dq2m95yllhuqmms75x2yena3huh6758pfdhjkrsrvqvu3,rdx1qspxhp36pvd9n0c29xummzwef622v44aluhrtcjqww3hkrxs9emg34ge3ky8r,0
rv1qtyutcs2thaqa4dq2m95yllhuqmms75x2yena3huh6758pfdhjkrsrvqvu3,rdx1qspng0tksvjh6j4vtdy3t3fp8dty7xs4tvec80l0m8022et8a4tusqc7m39w5,"15,918.0000000000011388123061014717943267495983517"
rv1qtyutcs2thaqa4dq2m95yllhuqmms75x2yena3huh6758pfdhjkrsrvqvu3,rdx1qspafmfgh57yjzv6myqssz7kauur62ehx39nz2643mh0agx0ssnke9c5rd2uc,"4,000.0000000000002861696962184876980341122247397"
rv1qtyutcs2thaqa4dq2m95yllhuqmms75x2yena3huh6758pfdhjkrsrvqvu3,rdx1qsp7mwqtyrpl9ez2a5lxc2v77llkq458myncaktw29cjff8dayj85lsgtyc5t,"420,000.000000000030047818102941208293581783597668"
rv1qtyutcs2thaqa4dq2m95yllhuqmms75x2yena3huh6758pfdhjkrsrvqvu3,rdx1qsp0ana76j8mslh3lraswtug9m8frsj2nuqvfgh27uuph4a8uuy7tqsajk0qn,"5,000.00000000000035771212027310962254264028092462"
rv1qtyutcs2thaqa4dq2m95yllhuqmms75x2yena3huh6758pfdhjkrsrvqvu3,rdx1qspryc06aq0cku978jg29lxuehx3q9yt7q5jhvymw8lv9t9h0vnufhc7z0xff,"1,000.00000000000007154242405462192450852805618493"
rv1qtyutcs2thaqa4dq2m95yllhuqmms75x2yena3huh6758pfdhjkrsrvqvu3,rdx1qsperltd7y7zhkelvvpfqkn2ellm28x5xcempjh82aa3zsle8xgss0q2k43z9,"459,000.00000000003283797264107146334941437778888"
rv1qtyutcs2thaqa4dq2m95yllhuqmms75x2yena3huh6758pfdhjkrsrvqvu3,rdx1qspm8tz858vfur0mtgxv5xc8ge75spw9cvqvyjn8qd2amgj48e6m9jsvtwjp3,"2,500.00000000000017885606013655481127132014046231"
rv1qtyutcs2thaqa4dq2m95yllhuqmms75x2yena3huh6758pfdhjkrsrvqvu3,rdx1qspvcde2gt6metnjvn6zg6dr4ytqpvn6c6zm4k55w0p0z65ggrq009szmn0aq,"10,000.0000000000007154242405462192450852805618493"
rv1qtyutcs2thaqa4dq2m95yllhuqmms75x2yena3huh6758pfdhjkrsrvqvu3,rdx1qsp7m5s6ahx7d6kugwtyagqalm59n9h96lqugj256geee6mzm8zcqegnnyda9,"206,290.000000000014758486658227956806864252710388"
rv1qtyutcs2thaqa4dq2m95yllhuqmms75x2yena3huh6758pfdhjkrsrvqvu3,rdx1qspm8wlr0dck2rmvw2e5zzgk3p3n2vkf07s6v60ajj9f56rh2lykwfs2h9wl5,"5,000.00000000000035771212027310962254264028092462"
rv1qtyutcs2thaqa4dq2m95yllhuqmms75x2yena3huh6758pfdhjkrsrvqvu3,rdx1qspk2yruaqc9vrxl7v8nvzq0s93as5rhsku884qnrgrsxsthgwqrtxqgm2ndk,"2,862.00000000000020475441764432794794340729680126"
